418
0 
1 304 196 22
2 
3 
4 
5 50
6 290 108 119 344 186
7 
8 
9 
10 378 355 412
11 
12 187
13 289 206
14 410
15 291
16 
17 339
18 386
19 362
20 281 251
21 
22 
23 
24 114 102 375
25 102
26 187
27 
28 
29 368
30 
31 159
32 
33 386
34 97 321 35 98 73 298 401 184 57 346 59 29 127
35 
36 
37 352
38 217
39 280
40 139
41 326 410 182
42 166
43 409
44 231
45 32 343 90 348 158
46 292
47 187
48 184 228
49 
50 
51 180
52 
53 327
54 58
55 389
56 213 382 319
57 
58 
59 
60 362
61 297
62 144
63 349
64 184
65 
66 135
67 
68 315
69 
70 24
71 
72 
73 
74 126
75 405
76 
77 
78 336
79 
80 184 315 284 175
81 362
82 165
83 364 252 102 6
84 386
85 
86 
87 356
88 
89 180
90 
91 3
92 224 369
93 154
94 210
95 
96 
97 
98 109
99 127
100 210
101 
102 384 7 283 305 400 411 219 221 30
103 127
104 13
105 95
106 
107 
108 
109 351
110 114
111 362
112 
113 
114 161 4 198 359 296 236 273 280 414
115 
116 
117 0
118 120
119 
120 291
121 
122 352 115
123 180
124 386 23
125 412
126 1 386
127 67 143 179 54 376
128 
129 
130 153 291
131 
132 235
133 177
134 299 101
135 
136 
137 23
138 301
139 297
140 
141 
142 169 354 92 381
143 312
144 
145 417
146 195 332
147 189
148 253
149 
150 362
151 
152 365
153 
154 
155 301
156 10
157 127
158 208
159 
160 
161 
162 
163 162
164 412
165 
166 
167 
168 23
169 80
170 291
171 213
172 62
173 285
174 85
175 56
176 142
177 323 114 247 151 127
178 
179 
180 131 229 102 327 300 114 178
181 386
182 333
183 386 407
184 180 223
185 186
186 114 260
187 72 188 69
188 112 21 79
189 102
190 166 327 315 377 346 347
191 385
192 323 203 274 371 21 149
193 251
194 
195 
196 
197 177
198 
199 153
200 
201 379 165
202 358 6
203 
204 
205 210
206 
207 34
208 
209 335
210 352 102 10 398 83 211
211 
212 
213 205 126
214 301
215 
216 328
217 
218 2
219 
220 362
221 
222 
223 36
224 
225 34
226 
227 
228 1 227
229 222
230 
231 34
232 210
233 
234 28
235 
236 
237 
238 
239 158
240 210
241 
242 65 414
243 
244 
245 
246 
247 323
248 24
249 353 142
250 241
251 
252 
253 
254 142
255 
256 246
257 215
258 
259 
260 
261 
262 
263 352
264 362
265 
266 
267 226
268 88
269 383
270 34
271 386
272 202
273 415
274 
275 210
276 194
277 167
278 289
279 114
280 
281 204 45
282 262
283 
284 310
285 301
286 366
287 233
288 
289 96 412
290 
291 128 34 258 358 102 301 335 48 80 212 404 116 184 284
292 48
293 205
294 142
295 210
296 
297 
298 
299 
300 
301 152 34 395
302 129
303 307
304 
305 
306 177 86 127
307 
308 77
309 245
310 
311 34
312 
313 386
314 
315 74
316 336
317 16
318 238
319 288 402
320 352 292
321 
322 244
323 113 412 141
324 386
325 156
326 
327 
328 
329 412
330 52
331 160
332 
333 
334 230
335 184 50
336 
337 414
338 292
339 
340 
341 210
342 275
343 
344 
345 265
346 177
347 
348 
349 
350 352
351 386
352 391 136 360 202 48 309 284
353 
354 
355 
356 
357 34
358 
359 409
360 
361 255
362 192 289 126
363 210
364 
365 
366 
367 
368 
369 
370 107
371 
372 241
373 237
374 241 266
375 
376 
377 
378 
379 
380 259
381 224
382 
383 
384 
385 
386 261 102 231 140 314 45 271 367 114 243 146 186 27
387 121 74
388 114
389 
390 106
391 
392 224
393 187
394 340
395 
396 291
397 210
398 
399 177
400 125
401 
402 
403 76
404 172
405 254 343
406 9
407 200
408 412
409 8 11 196
410 
411 
412 132 188 190
413 321
414 
415 
416 71
417 
